Ship ID: 375044000
Total Journeys: 0
Coefficients: [ 0.23756668 -0.1468799  -1.35159098  0.          0.        ]
Intercept: 1.1985051603008756
MSE: 2.6083982353572948
