Ship ID: 470154000
Total Journeys: 0
Coefficients: [0.22491726 0.0335168  0.         0.         0.        ]
Intercept: -23.925310742756334
MSE: 0.0
